2147483647 53.83447200000001 59.71247400000001 46.556807000000006 66.274861 67.530435 67.769181 49.379346999999996 64.16445900000001 70.563266 
53.83447200000001 2147483647 6.548038 8.154081 13.110425 14.365999 14.604745000000001 10.976621 10.689492 17.39883 
59.71247400000001 6.548038 2147483647 14.702119000000001 6.562387 7.817961 13.722127 17.524659 17.23753 10.850792 
46.556807000000006 8.154081 14.702119000000001 2147483647 21.264505999999997 22.52008 21.870044999999998 2.82254 17.607651999999998 24.74138 
66.274861 13.110425 6.562387 21.264505999999997 2147483647 7.848491 15.611708 24.087045999999997 19.874101 12.740373 
67.530435 14.365999 7.817961 22.52008 7.848491 2147483647 7.763217 25.342619999999997 12.02561 4.891882 
67.769181 14.604745000000001 13.722127 21.870044999999998 15.611708 7.763217 2147483647 24.692585 4.262393 2.871335 
49.379346999999996 10.976621 17.524659 2.82254 24.087045999999997 25.342619999999997 24.692585 2147483647 20.430191999999998 27.563919999999996 
64.16445900000001 10.689492 17.23753 17.607651999999998 19.874101 12.02561 4.262393 20.430191999999998 2147483647 7.1337280000000005 
70.563266 17.39883 10.850792 24.74138 12.740373 4.891882 2.871335 27.563919999999996 7.1337280000000005 2147483647 
