2147483647 871.1158570000001 19.179068 903.946877 34.523151 493.853469 912.4393850000001 919.120416 179.887656 14.063704 897.6447400000002 932.3305160000001 
871.1158570000001 2147483647 851.9367890000001 72.896649 867.280872 682.8604830000002 81.389157 48.004559 806.9094519999999 885.1795610000001 137.615202 296.41895999999997 
19.179068 851.9367890000001 2147483647 884.7678090000002 15.344083 474.674401 893.2603170000002 899.9413480000001 160.708588 33.242772 878.465672 913.1514480000002 
903.946877 72.896649 884.7678090000002 2147483647 900.1118919999999 755.7571320000002 8.492508 24.89209 879.8061009999999 918.010581 198.376776 223.522311 
34.523151 867.280872 15.344083 900.1118919999999 2147483647 490.018484 908.6044000000002 915.285431 176.052671 48.586855 893.8097550000002 928.4955310000001 
493.853469 682.8604830000002 474.674401 755.7571320000002 490.018484 2147483647 764.2496400000002 730.8650420000001 313.96581299999997 507.917173 593.7081150000001 859.1330670000001 
912.4393850000001 81.389157 893.2603170000002 8.492508 908.6044000000002 764.2496400000002 2147483647 33.384598 888.2986089999999 926.503089 189.88426800000002 232.01481900000002 
919.120416 48.004559 899.9413480000001 24.89209 915.285431 730.8650420000001 33.384598 2147483647 854.9140110000001 933.1841200000001 185.61976099999998 248.414401 
179.887656 806.9094519999999 160.708588 879.8061009999999 176.052671 313.96581299999997 888.2986089999999 854.9140110000001 2147483647 193.95136 717.7570840000001 945.9715320000001 
14.063704 885.1795610000001 33.242772 918.010581 48.586855 507.917173 926.503089 933.1841200000001 193.95136 2147483647 911.7084440000001 946.39422 
897.6447400000002 137.615202 878.465672 198.376776 893.8097550000002 593.7081150000001 189.88426800000002 185.61976099999998 717.7570840000001 911.7084440000001 2147483647 421.899087 
932.3305160000001 296.41895999999997 913.1514480000002 223.522311 928.4955310000001 859.1330670000001 232.01481900000002 248.414401 945.9715320000001 946.39422 421.899087 2147483647 
