0 95.952362 359.674072 430.87994399999997 494.52937299999996 497.25448600000004 551.275947 811.995758 856.749366 928.669959 1278.543037 1299.5375060000001 1330.6596869999998 1343.4846949999999 1345.4295799999998 1376.2038589999997 1393.249302 1398.428939 1402.368689 1409.3603649999998 1428.382366 
95.952362 0 455.626434 334.927582 398.57701099999997 593.206848 455.323585 907.94812 760.797004 832.717597 1182.590675 1395.4898680000001 1234.7073249999999 1247.5323329999999 1249.4772179999998 1280.2514969999997 1297.29694 1302.476577 1306.416327 1313.4080029999998 1332.430004 
359.674072 455.626434 0 790.554016 854.2034450000001 137.580414 910.9500190000001 452.321686 1216.423438 1288.344031 1638.2171090000002 939.863434 1690.333759 1703.1587670000001 1705.103652 1735.877931 1752.9233740000002 1758.1030110000002 1762.0427610000002 1769.034437 1788.0564380000003 
430.87994399999997 334.927582 790.554016 0 63.649429 928.1344300000001 120.39600300000001 1242.875702 425.869422 497.790015 847.663093 1730.41745 899.779743 912.604751 914.5496360000001 945.323915 962.369358 967.548995 971.488745 978.4804210000001 997.502422 
494.52937299999996 398.57701099999997 854.2034450000001 63.649429 0 991.783859 56.746574 1306.5251309999999 362.219993 434.140586 784.0136640000001 1794.066879 836.1303140000001 848.955322 850.9002070000001 881.6744860000001 898.7199290000001 903.899566 907.839316 914.8309920000002 933.8529930000001 
497.25448600000004 593.206848 137.580414 928.1344300000001 991.783859 0 1048.5304330000001 314.741272 1354.003852 1425.924445 1775.7975230000002 802.28302 1827.9141730000001 1840.7391810000001 1842.684066 1873.458345 1890.5037880000002 1895.6834250000002 1899.6231750000002 1906.614851 1925.6368520000003 
551.275947 455.323585 910.9500190000001 120.39600300000001 56.746574 1048.5304330000001 0 1363.2717049999999 305.473419 377.394012 727.26709 1850.8134529999998 779.3837400000001 792.208748 794.1536330000001 824.9279120000001 841.9733550000001 847.152992 851.092742 858.0844180000001 877.1064190000001 
811.995758 907.94812 452.321686 1242.875702 1306.5251309999999 314.741272 1363.2717049999999 0 1668.745124 1740.665717 2090.538795 487.541748 2142.655445 2155.480453 2157.425338 2188.199617 2205.2450599999997 2210.424697 2214.364447 2221.356123 2240.378124 
856.749366 760.797004 1216.423438 425.869422 362.219993 1354.003852 305.473419 1668.745124 0 682.8674309999999 421.793671 2156.286872 473.910321 486.73532900000004 488.68021400000003 519.4544930000001 536.499936 541.679573 545.619323 552.6109990000001 571.633 
928.669959 832.717597 1288.344031 497.790015 434.140586 1425.924445 377.394012 1740.665717 682.8674309999999 0 1104.661102 2228.207465 1156.777752 1169.60276 1171.5476449999999 1202.3219239999999 1219.367367 1224.547004 1228.486754 1235.47843 1254.5004310000002 
1278.543037 1182.590675 1638.2171090000002 847.663093 784.0136640000001 1775.7975230000002 727.26709 2090.538795 421.793671 1104.661102 0 2578.0805430000005 52.11665 64.941658 66.886543 97.660822 114.706265 119.885902 123.825652 130.817328 149.839329 
1299.5375060000001 1395.4898680000001 939.863434 1730.41745 1794.066879 802.28302 1850.8134529999998 487.541748 2156.286872 2228.207465 2578.0805430000005 0 2630.197193 2643.022201 2644.967086 2675.7413650000003 2692.786808 2697.966445 2701.906195 2708.897871 2727.919872 
1330.6596869999998 1234.7073249999999 1690.333759 899.779743 836.1303140000001 1827.9141730000001 779.3837400000001 2142.655445 473.910321 1156.777752 52.11665 2630.197193 0 117.05830800000001 14.769893 45.544172 62.589615 172.002552 71.709002 78.70067800000001 97.722679 
1343.4846949999999 1247.5323329999999 1703.1587670000001 912.604751 848.955322 1840.7391810000001 792.208748 2155.480453 486.73532900000004 1169.60276 64.941658 2643.022201 117.05830800000001 0 131.828201 162.60248 179.64792300000002 54.944244 188.76731 195.75898600000002 214.780987 
1345.4295799999998 1249.4772179999998 1705.103652 914.5496360000001 850.9002070000001 1842.684066 794.1536330000001 2157.425338 488.68021400000003 1171.5476449999999 66.886543 2644.967086 14.769893 131.828201 0 30.774279 74.04941000000001 186.772445 64.930023 63.930785 109.18247400000001 
1376.2038589999997 1280.2514969999997 1735.877931 945.323915 881.6744860000001 1873.458345 824.9279120000001 2188.199617 519.4544930000001 1202.3219239999999 97.660822 2675.7413650000003 45.544172 162.60248 30.774279 0 104.82368900000002 217.546724 95.70430200000001 33.156506 139.95675300000002 
1393.249302 1297.29694 1752.9233740000002 962.369358 898.7199290000001 1890.5037880000002 841.9733550000001 2205.2450599999997 536.499936 1219.367367 114.706265 2692.786808 62.589615 179.64792300000002 74.04941000000001 104.82368900000002 0 234.592167 9.119387 137.980195 35.133064 
1398.428939 1302.476577 1758.1030110000002 967.548995 903.899566 1895.6834250000002 847.152992 2210.424697 541.679573 1224.547004 119.885902 2697.966445 172.002552 54.944244 186.772445 217.546724 234.592167 0 243.711554 227.585606 269.725231 
1402.368689 1306.416327 1762.0427610000002 971.488745 907.839316 1899.6231750000002 851.092742 2214.364447 545.619323 1228.486754 123.825652 2701.906195 71.709002 188.76731 64.930023 95.70430200000001 9.119387 243.711554 0 128.86080800000002 44.25245099999999 
1409.3603649999998 1313.4080029999998 1769.034437 978.4804210000001 914.8309920000002 1906.614851 858.0844180000001 2221.356123 552.6109990000001 1235.47843 130.817328 2708.897871 78.70067800000001 195.75898600000002 63.930785 33.156506 137.980195 227.585606 128.86080800000002 0 173.113259 
1428.382366 1332.430004 1788.0564380000003 997.502422 933.8529930000001 1925.6368520000003 877.1064190000001 2240.378124 571.633 1254.5004310000002 149.839329 2727.919872 97.722679 214.780987 109.18247400000001 139.95675300000002 35.133064 269.725231 44.25245099999999 173.113259 0 
