0 980 990 682.8604830000002
1 980 995 474.674401
2 980 998 755.7571320000002
3 980 999 490.018484
4 980 1000 493.853469
5 980 1001 764.2496400000002
6 980 1002 730.8650420000001
7 980 1003 313.96581299999997
8 980 1004 507.917173
9 980 1005 593.7081150000001
10 980 1007 859.1330670000001
11 990 995 851.9367890000001
12 990 998 72.896649
13 990 999 867.280872
14 990 1000 871.1158570000001
15 990 1001 81.389157
16 990 1002 48.004559
17 990 1003 806.9094519999999
18 990 1004 885.1795610000001
19 990 1005 137.615202
20 990 1007 296.41895999999997
21 995 998 884.7678090000002
22 995 999 15.344083
23 995 1000 19.179068
24 995 1001 893.2603170000002
25 995 1002 899.9413480000001
26 995 1003 160.708588
27 995 1004 33.242772
28 995 1005 878.465672
29 995 1007 913.1514480000002
30 998 999 900.1118919999999
31 998 1000 903.946877
32 998 1001 8.492508
33 998 1002 24.89209
34 998 1003 879.8061009999999
35 998 1004 918.010581
36 998 1005 198.376776
37 998 1007 223.522311
38 999 1000 34.523151
39 999 1001 908.6044000000002
40 999 1002 915.285431
41 999 1003 176.052671
42 999 1004 48.586855
43 999 1005 893.8097550000002
44 999 1007 928.4955310000001
45 1000 1001 912.4393850000001
46 1000 1002 919.120416
47 1000 1003 179.887656
48 1000 1004 14.063704
49 1000 1005 897.6447400000002
50 1000 1007 932.3305160000001
51 1001 1002 33.384598
52 1001 1003 888.2986089999999
53 1001 1004 926.503089
54 1001 1005 189.88426800000002
55 1001 1007 232.01481900000002
56 1002 1003 854.9140110000001
57 1002 1004 933.1841200000001
58 1002 1005 185.61976099999998
59 1002 1007 248.414401
60 1003 1004 193.95136
61 1003 1005 717.7570840000001
62 1003 1007 945.9715320000001
63 1004 1005 911.7084440000001
64 1004 1007 946.39422
65 1005 1007 421.899087
