980 3366.360596 4652.689453
981 3374.588867 4670.145508
982 3367.463623 4646.349609
990 3403.525879 4665.841309
995 3364.154541 4660.438477
996 3369.11792 4640.009277
997 3377.941895 4635.078125
998 3372.978516 4677.345215
999 3404.970703 4628.738281
1000 3406.349365 4667.525391
1001 3361.396973 4641.418457
1002 3356.433594 4646.349609
1003 3386.765869 4630.146973
1004 3383.539551 4688.574219
1005 3362.974365 4663.002441
1006 3374.081543 4634.374023
1007 3355.88208 4650.576172
1009 3356.985107 4643.531738
1011 3382.354004 4629.442871
1012 3387.868896 4626.625
