0 0 1 95.952362
1 0 2 359.674072
2 0 3 430.87994399999997
3 0 4 494.52937299999996
4 0 5 497.25448600000004
5 0 6 551.275947
6 0 7 811.995758
7 0 8 856.749366
8 0 9 928.669959
9 0 10 1278.543037
10 0 11 1299.5375060000001
11 0 12 1330.6596869999998
12 0 13 1343.4846949999999
13 0 14 1345.4295799999998
14 0 15 1376.2038589999997
15 0 16 1393.249302
16 0 17 1398.428939
17 0 18 1402.368689
18 0 19 1409.3603649999998
19 0 20 1428.382366
20 1 2 455.626434
21 1 3 334.927582
22 1 4 398.57701099999997
23 1 5 593.206848
24 1 6 455.323585
25 1 7 907.94812
26 1 8 760.797004
27 1 9 832.717597
28 1 10 1182.590675
29 1 11 1395.4898680000001
30 1 12 1234.7073249999999
31 1 13 1247.5323329999999
32 1 14 1249.4772179999998
33 1 15 1280.2514969999997
34 1 16 1297.29694
35 1 17 1302.476577
36 1 18 1306.416327
37 1 19 1313.4080029999998
38 1 20 1332.430004
39 2 3 790.554016
40 2 4 854.2034450000001
41 2 5 137.580414
42 2 6 910.9500190000001
43 2 7 452.321686
44 2 8 1216.423438
45 2 9 1288.344031
46 2 10 1638.2171090000002
47 2 11 939.863434
48 2 12 1690.333759
49 2 13 1703.1587670000001
50 2 14 1705.103652
51 2 15 1735.877931
52 2 16 1752.9233740000002
53 2 17 1758.1030110000002
54 2 18 1762.0427610000002
55 2 19 1769.034437
56 2 20 1788.0564380000003
57 3 4 63.649429
58 3 5 928.1344300000001
59 3 6 120.39600300000001
60 3 7 1242.875702
61 3 8 425.869422
62 3 9 497.790015
63 3 10 847.663093
64 3 11 1730.41745
65 3 12 899.779743
66 3 13 912.604751
67 3 14 914.5496360000001
68 3 15 945.323915
69 3 16 962.369358
70 3 17 967.548995
71 3 18 971.488745
72 3 19 978.4804210000001
73 3 20 997.502422
74 4 5 991.783859
75 4 6 56.746574
76 4 7 1306.5251309999999
77 4 8 362.219993
78 4 9 434.140586
79 4 10 784.0136640000001
80 4 11 1794.066879
81 4 12 836.1303140000001
82 4 13 848.955322
83 4 14 850.9002070000001
84 4 15 881.6744860000001
85 4 16 898.7199290000001
86 4 17 903.899566
87 4 18 907.839316
88 4 19 914.8309920000002
89 4 20 933.8529930000001
90 5 6 1048.5304330000001
91 5 7 314.741272
92 5 8 1354.003852
93 5 9 1425.924445
94 5 10 1775.7975230000002
95 5 11 802.28302
96 5 12 1827.9141730000001
97 5 13 1840.7391810000001
98 5 14 1842.684066
99 5 15 1873.458345
100 5 16 1890.5037880000002
101 5 17 1895.6834250000002
102 5 18 1899.6231750000002
103 5 19 1906.614851
104 5 20 1925.6368520000003
105 6 7 1363.2717049999999
106 6 8 305.473419
107 6 9 377.394012
108 6 10 727.26709
109 6 11 1850.8134529999998
110 6 12 779.3837400000001
111 6 13 792.208748
112 6 14 794.1536330000001
113 6 15 824.9279120000001
114 6 16 841.9733550000001
115 6 17 847.152992
116 6 18 851.092742
117 6 19 858.0844180000001
118 6 20 877.1064190000001
119 7 8 1668.745124
120 7 9 1740.665717
121 7 10 2090.538795
122 7 11 487.541748
123 7 12 2142.655445
124 7 13 2155.480453
125 7 14 2157.425338
126 7 15 2188.199617
127 7 16 2205.2450599999997
128 7 17 2210.424697
129 7 18 2214.364447
130 7 19 2221.356123
131 7 20 2240.378124
132 8 9 682.8674309999999
133 8 10 421.793671
134 8 11 2156.286872
135 8 12 473.910321
136 8 13 486.73532900000004
137 8 14 488.68021400000003
138 8 15 519.4544930000001
139 8 16 536.499936
140 8 17 541.679573
141 8 18 545.619323
142 8 19 552.6109990000001
143 8 20 571.633
144 9 10 1104.661102
145 9 11 2228.207465
146 9 12 1156.777752
147 9 13 1169.60276
148 9 14 1171.5476449999999
149 9 15 1202.3219239999999
150 9 16 1219.367367
151 9 17 1224.547004
152 9 18 1228.486754
153 9 19 1235.47843
154 9 20 1254.5004310000002
155 10 11 2578.0805430000005
156 10 12 52.11665
157 10 13 64.941658
158 10 14 66.886543
159 10 15 97.660822
160 10 16 114.706265
161 10 17 119.885902
162 10 18 123.825652
163 10 19 130.817328
164 10 20 149.839329
165 11 12 2630.197193
166 11 13 2643.022201
167 11 14 2644.967086
168 11 15 2675.7413650000003
169 11 16 2692.786808
170 11 17 2697.966445
171 11 18 2701.906195
172 11 19 2708.897871
173 11 20 2727.919872
174 12 13 117.05830800000001
175 12 14 14.769893
176 12 15 45.544172
177 12 16 62.589615
178 12 17 172.002552
179 12 18 71.709002
180 12 19 78.70067800000001
181 12 20 97.722679
182 13 14 131.828201
183 13 15 162.60248
184 13 16 179.64792300000002
185 13 17 54.944244
186 13 18 188.76731
187 13 19 195.75898600000002
188 13 20 214.780987
189 14 15 30.774279
190 14 16 74.04941000000001
191 14 17 186.772445
192 14 18 64.930023
193 14 19 63.930785
194 14 20 109.18247400000001
195 15 16 104.82368900000002
196 15 17 217.546724
197 15 18 95.70430200000001
198 15 19 33.156506
199 15 20 139.95675300000002
200 16 17 234.592167
201 16 18 9.119387
202 16 19 137.980195
203 16 20 35.133064
204 17 18 243.711554
205 17 19 227.585606
206 17 20 269.725231
207 18 19 128.86080800000002
208 18 20 44.25245099999999
209 19 20 173.113259
